      401	2020-06-01 05:55:38	1	0	1	0
      601	2020-06-01 06:59:02	1	0	2	0
      606	2020-06-01 07:20:09	1	0	2	0
      302	2020-06-01 07:21:13	1	0	0	0
     1171	2020-06-01 07:25:38	1	0	16	0
      612	2020-06-01 07:27:15	1	0	2	0
     1016	2020-06-01 07:34:47	1	0	1	0
      820	2020-06-01 07:37:19	1	0	0	0
     1135	2020-06-01 07:40:40	1	0	1	0
     1062	2020-06-01 07:41:29	1	0	1	0
     1117	2020-06-01 07:41:56	1	0	16	0
     1022	2020-06-01 07:43:18	1	0	1	0
      821	2020-06-01 07:44:56	1	0	16	0
     1136	2020-06-01 07:45:24	1	0	1	0
     1058	2020-06-01 07:45:32	1	0	1	0
     1066	2020-06-01 07:46:07	1	0	1	0
     1013	2020-06-01 07:46:35	1	0	1	0
     1014	2020-06-01 07:48:04	1	0	16	0
     1061	2020-06-01 07:52:00	1	0	1	0
     1040	2020-06-01 07:52:38	1	0	1	0
     1027	2020-06-01 07:52:48	1	0	1	0
     1141	2020-06-01 07:54:17	1	0	0	0
     1047	2020-06-01 07:55:24	1	0	1	0
      304	2020-06-01 07:55:42	1	0	0	0
      305	2020-06-01 07:56:57	1	0	0	0
      309	2020-06-01 07:59:17	1	0	1	0
     1154	2020-06-01 07:59:24	1	0	1	0
      702	2020-06-01 08:01:21	1	0	1	0
      819	2020-06-01 08:02:04	1	0	2	0
      608	2020-06-01 08:02:28	1	0	2	0
      823	2020-06-01 08:03:21	1	0	16	0
      826	2020-06-01 08:03:31	1	0	16	0
      620	2020-06-01 08:03:37	1	0	2	0
     1118	2020-06-01 08:04:55	1	0	1	0
     1146	2020-06-01 08:06:18	1	0	2	0
      810	2020-06-01 08:07:34	1	0	1	0
     1165	2020-06-01 08:07:55	1	0	1	0
      636	2020-06-01 08:08:59	1	0	2	0
     1164	2020-06-01 08:14:12	1	0	1	0
     1701	2020-06-01 08:14:16	1	0	2	0
     1702	2020-06-01 08:14:24	1	0	2	0
     1703	2020-06-01 08:14:40	1	0	2	0
     1703	2020-06-01 08:14:42	1	0	2	0
      307	2020-06-01 08:16:32	1	0	0	0
     1501	2020-06-01 08:18:12	1	0	2	0
      812	2020-06-01 08:26:19	1	0	2	0
      312	2020-06-01 10:50:44	1	0	2	0
     1603	2020-06-01 10:51:13	1	1	2	0
      313	2020-06-01 16:23:59	1	1	16	0
      313	2020-06-01 16:24:20	1	0	2	0
      313	2020-06-01 16:24:28	1	1	2	0
      313	2020-06-01 16:24:45	1	1	2	0
      502	2020-06-01 17:49:36	1	1	2	0
      502	2020-06-01 17:49:38	1	1	2	0
      612	2020-06-01 18:04:25	1	1	2	0
      617	2020-06-01 18:04:35	1	1	2	0
      702	2020-06-01 18:04:53	1	1	2	0
      702	2020-06-01 18:04:55	1	1	2	0
      636	2020-06-01 18:19:25	1	1	2	0
      601	2020-06-01 18:52:31	1	1	1	0
     1701	2020-06-01 18:58:40	1	1	2	0
      401	2020-06-01 19:01:36	1	1	1	0
     1703	2020-06-01 19:07:14	1	1	2	0
     1702	2020-06-01 19:07:26	1	1	2	0
      608	2020-06-01 19:56:08	1	1	2	0
     1117	2020-06-01 20:16:42	1	1	16	0
      821	2020-06-01 20:51:20	1	1	16	0
      821	2020-06-01 20:51:22	1	1	16	0
     1171	2020-06-01 21:01:06	1	1	16	0
     1165	2020-06-01 21:04:16	1	1	1	0
     1154	2020-06-01 21:04:24	1	1	1	0
     1102	2020-06-01 21:07:05	1	1	1	0
     1106	2020-06-01 21:07:13	1	1	16	0
     1134	2020-06-01 21:07:23	1	1	1	0
     1136	2020-06-01 21:07:48	1	1	1	0
     1121	2020-06-01 21:08:09	1	1	1	0
     1137	2020-06-01 21:09:31	1	1	0	0
     1061	2020-06-01 21:10:48	1	1	1	0
      819	2020-06-01 21:14:17	1	1	2	0
      819	2020-06-01 21:14:19	1	1	2	0
     1058	2020-06-01 21:14:28	1	1	1	0
     1062	2020-06-01 21:15:46	1	1	1	0
     1047	2020-06-01 21:16:55	1	1	1	0
     1113	2020-06-01 21:17:53	1	1	2	0
     1022	2020-06-01 21:18:50	1	1	1	0
     1148	2020-06-01 21:18:59	1	1	1	0
     1135	2020-06-01 21:19:17	1	1	1	0
     1066	2020-06-01 21:19:40	1	1	16	0
     1146	2020-06-01 21:20:46	1	1	2	0
      820	2020-06-01 21:21:02	1	1	0	0
     1040	2020-06-01 21:21:07	1	1	1	0
     1147	2020-06-01 21:21:24	1	1	2	0
     1147	2020-06-01 21:21:26	1	1	2	0
     1141	2020-06-01 21:21:50	1	1	0	0
     1051	2020-06-01 21:21:58	1	1	1	0
     1051	2020-06-01 21:22:00	1	1	1	0
     1016	2020-06-01 21:22:57	1	1	1	0
     1118	2020-06-01 21:32:42	1	1	1	0
      305	2020-06-01 21:51:32	1	1	0	0
      307	2020-06-01 21:52:17	1	1	0	0
      620	2020-06-01 21:53:54	1	1	2	0
     1013	2020-06-01 21:55:50	1	1	1	0
      811	2020-06-01 21:56:38	1	1	16	0
      313	2020-06-01 22:05:55	1	1	2	0
      304	2020-06-01 22:06:05	1	1	0	0
      309	2020-06-01 22:06:48	1	1	0	0
      302	2020-06-01 22:07:10	1	1	0	0
     1501	2020-06-01 22:11:08	1	1	2	0
     1301	2020-06-01 22:13:15	1	1	1	0
      826	2020-06-01 23:51:13	1	1	16	0
      826	2020-06-01 23:51:16	1	1	16	0
      401	2020-06-02 05:57:10	1	0	1	0
      826	2020-06-02 06:59:59	1	0	16	0
     1035	2020-06-02 07:00:36	1	0	1	0
      612	2020-06-02 07:05:49	1	0	2	0
      606	2020-06-02 07:06:02	1	0	2	0
      601	2020-06-02 07:06:12	1	0	2	0
        1	2020-06-02 07:12:03	1	0	2	0
     1154	2020-06-02 07:17:17	1	0	1	0
      702	2020-06-02 07:38:42	1	0	1	0
      302	2020-06-02 07:46:46	1	0	0	0
      309	2020-06-02 07:51:57	1	0	0	0
     1121	2020-06-02 07:52:08	1	0	1	0
      304	2020-06-02 07:52:39	1	0	0	0
     1117	2020-06-02 07:53:07	1	0	16	0
     1047	2020-06-02 07:55:01	1	0	1	0
     1016	2020-06-02 07:56:12	1	0	1	0
     1061	2020-06-02 07:56:20	1	0	1	0
     1147	2020-06-02 07:57:13	1	0	2	0
      305	2020-06-02 07:57:53	1	0	1	0
      307	2020-06-02 07:58:01	1	0	0	0
     1102	2020-06-02 07:58:17	1	0	1	0
     1013	2020-06-02 07:58:40	1	0	1	0
     1022	2020-06-02 07:59:18	1	0	1	0
     1014	2020-06-02 07:59:42	1	0	16	0
     1058	2020-06-02 07:59:49	1	0	1	0
     1062	2020-06-02 08:00:15	1	0	1	0
      819	2020-06-02 08:01:11	1	0	2	0
     1136	2020-06-02 08:01:23	1	0	1	0
     1171	2020-06-02 08:01:34	1	0	16	0
     1134	2020-06-02 08:01:55	1	0	1	0
      823	2020-06-02 08:02:07	1	0	16	0
     1066	2020-06-02 08:03:15	1	0	16	0
     1135	2020-06-02 08:03:42	1	0	1	0
      821	2020-06-02 08:04:57	1	0	16	0
     1137	2020-06-02 08:05:22	1	0	0	0
     1113	2020-06-02 08:06:29	1	0	2	0
     1113	2020-06-02 08:06:31	1	0	2	0
     1027	2020-06-02 08:07:46	1	0	1	0
      810	2020-06-02 08:09:37	1	0	1	0
      617	2020-06-02 08:12:59	1	0	2	0
      617	2020-06-02 08:13:01	1	0	2	0
     1301	2020-06-02 08:13:51	1	0	1	0
      822	2020-06-02 08:13:59	1	0	2	0
      811	2020-06-02 08:14:07	1	0	1	0
      636	2020-06-02 08:14:18	1	0	2	0
      620	2020-06-02 08:14:25	1	0	2	0
      608	2020-06-02 08:15:56	1	0	2	0
      502	2020-06-02 08:17:42	1	1	0	0
     1702	2020-06-02 08:18:49	1	1	2	0
     1703	2020-06-02 08:18:54	1	1	2	0
      313	2020-06-02 08:19:17	1	1	2	0
      313	2020-06-02 08:19:35	1	0	2	0
     1701	2020-06-02 08:19:41	1	0	2	0
     1501	2020-06-02 08:21:56	1	0	2	0
      604	2020-06-02 08:38:39	1	0	0	0
      620	2020-06-02 18:05:38	1	0	2	0
      617	2020-06-02 18:06:14	1	0	2	0
      702	2020-06-02 18:06:27	1	0	2	0
      702	2020-06-02 18:06:38	1	1	2	0
      617	2020-06-02 18:06:56	1	1	2	0
      617	2020-06-02 18:06:58	1	1	2	0
      620	2020-06-02 18:07:03	1	1	2	0
      604	2020-06-02 18:19:34	1	1	0	0
      612	2020-06-02 18:25:50	1	1	2	0
      612	2020-06-02 18:25:52	1	1	2	0
      636	2020-06-02 18:51:22	1	1	2	0
     1701	2020-06-02 18:59:07	1	1	2	0
     1703	2020-06-02 18:59:20	1	1	2	0
     1702	2020-06-02 18:59:44	1	1	2	0
      401	2020-06-02 19:02:36	1	1	1	0
      313	2020-06-02 20:01:18	1	1	2	0
     1117	2020-06-02 20:10:51	1	1	16	0
     1117	2020-06-02 20:10:53	1	1	16	0
     1113	2020-06-02 20:30:15	1	1	2	0
     1113	2020-06-02 20:30:17	1	1	2	0
     1165	2020-06-02 21:04:08	1	1	1	0
      821	2020-06-02 21:04:49	1	1	16	0
      821	2020-06-02 21:04:52	1	1	16	0
     1136	2020-06-02 21:06:39	1	1	1	0
     1154	2020-06-02 21:06:45	1	1	1	0
      819	2020-06-02 21:06:58	1	1	2	0
      819	2020-06-02 21:07:00	1	1	2	0
      601	2020-06-02 21:07:26	1	1	1	0
      608	2020-06-02 21:07:36	1	1	2	0
     1102	2020-06-02 21:08:59	1	1	1	0
      826	2020-06-02 21:09:33	1	1	16	0
      823	2020-06-02 21:09:50	1	1	16	0
     1121	2020-06-02 21:10:00	1	1	1	0
     1137	2020-06-02 21:10:33	1	1	0	0
     1058	2020-06-02 21:10:50	1	1	1	0
     1135	2020-06-02 21:12:21	1	1	1	0
     1147	2020-06-02 21:12:42	1	1	2	0
     1014	2020-06-02 21:13:01	1	1	16	0
      820	2020-06-02 21:16:43	1	1	16	0
      820	2020-06-02 21:16:46	1	1	16	0
     1146	2020-06-02 21:16:51	1	1	2	0
     1501	2020-06-02 21:16:56	1	1	2	0
     1146	2020-06-02 21:17:13	1	1	2	0
     1164	2020-06-02 21:18:30	1	1	1	0
      811	2020-06-02 21:18:39	1	1	1	0
     1134	2020-06-02 21:20:04	1	1	1	0
     1141	2020-06-02 21:20:17	1	1	0	0
     1027	2020-06-02 21:20:23	1	1	1	0
     1061	2020-06-02 21:23:47	1	1	16	0
     1118	2020-06-02 21:23:54	1	1	1	0
     1062	2020-06-02 21:26:30	1	1	1	0
     1040	2020-06-02 21:27:38	1	1	1	0
     1066	2020-06-02 21:27:43	1	1	1	0
     1022	2020-06-02 21:29:04	1	1	1	0
     1047	2020-06-02 21:29:32	1	1	1	0
     1013	2020-06-02 21:31:39	1	1	1	0
     1016	2020-06-02 21:35:20	1	1	1	0
      302	2020-06-02 22:04:06	1	1	0	0
      305	2020-06-02 22:04:15	1	1	0	0
      304	2020-06-02 22:04:24	1	1	0	0
      309	2020-06-02 22:04:29	1	1	0	0
      307	2020-06-02 22:05:00	1	1	0	0
     1301	2020-06-02 22:11:06	1	1	1	0
      401	2020-06-03 05:58:57	1	0	1	0
      820	2020-06-03 06:47:55	1	0	0	0
      606	2020-06-03 07:02:16	1	0	2	0
      606	2020-06-03 07:02:18	1	0	2	0
      601	2020-06-03 07:08:07	1	0	2	0
        1	2020-06-03 07:08:44	1	0	2	0
      612	2020-06-03 07:09:59	1	0	2	0
      826	2020-06-03 07:16:35	1	0	16	0
      302	2020-06-03 07:24:13	1	0	0	0
     1058	2020-06-03 07:31:50	1	0	1	0
      702	2020-06-03 07:33:39	1	0	1	0
     1147	2020-06-03 07:35:17	1	0	2	0
     1013	2020-06-03 07:36:55	1	0	1	0
     1016	2020-06-03 07:38:16	1	0	1	0
      810	2020-06-03 07:38:22	1	0	1	0
      810	2020-06-03 07:38:59	1	0	1	0
     1121	2020-06-03 07:39:09	1	0	1	0
     1146	2020-06-03 07:39:49	1	0	2	0
     1013	2020-06-03 07:41:34	1	0	1	0
     1102	2020-06-03 07:46:45	1	0	1	0
      309	2020-06-03 07:47:16	1	0	1	0
     1141	2020-06-03 07:50:57	1	0	0	0
      305	2020-06-03 07:53:57	1	0	1	0
      307	2020-06-03 07:54:09	1	0	0	0
     1061	2020-06-03 07:54:17	1	0	1	0
     1047	2020-06-03 07:55:04	1	0	1	0
     1002	2020-06-03 07:55:16	1	0	1	0
     1062	2020-06-03 07:55:39	1	0	1	0
     1136	2020-06-03 07:57:06	1	0	1	0
      608	2020-06-03 07:57:58	1	0	2	0
     1165	2020-06-03 07:58:26	1	0	1	0
     1135	2020-06-03 07:59:28	1	0	1	0
      313	2020-06-03 08:00:48	1	0	2	0
      823	2020-06-03 08:03:09	1	0	16	0
      819	2020-06-03 08:03:41	1	0	2	0
     1040	2020-06-03 08:04:21	1	0	1	0
     1501	2020-06-03 08:04:31	1	0	0	0
     1126	2020-06-03 08:04:53	1	0	0	0
     1022	2020-06-03 08:05:10	1	0	1	0
     1118	2020-06-03 08:05:55	1	0	1	0
      502	2020-06-03 08:06:23	1	1	0	0
      620	2020-06-03 08:06:29	1	1	2	0
      811	2020-06-03 08:07:24	1	0	1	0
     1701	2020-06-03 08:09:27	1	0	2	0
     1703	2020-06-03 08:09:32	1	0	2	0
     1702	2020-06-03 08:09:57	1	0	2	0
     1301	2020-06-03 08:12:46	1	0	1	0
      617	2020-06-03 08:15:38	1	0	2	0
     1113	2020-06-03 08:16:35	1	0	2	0
     1113	2020-06-03 08:16:37	1	0	2	0
      604	2020-06-03 08:26:50	1	0	0	0
      101	2020-06-03 08:34:25	1	0	0	0
      637	2020-06-03 15:08:09	1	0	2	0
      502	2020-06-03 18:03:20	1	0	0	0
      702	2020-06-03 18:08:19	1	0	2	0
      702	2020-06-03 18:08:21	1	0	2	0
      702	2020-06-03 18:08:28	1	0	2	0
      637	2020-06-03 18:11:13	1	0	2	0
      617	2020-06-03 18:11:29	1	0	2	0
      617	2020-06-03 18:11:31	1	0	2	0
      604	2020-06-03 18:18:12	1	1	0	0
     1047	2020-06-03 18:32:07	1	1	1	0
      612	2020-06-03 18:36:28	1	1	2	0
      401	2020-06-03 19:01:20	1	1	1	0
     1701	2020-06-03 19:52:35	1	1	2	0
     1702	2020-06-03 19:53:47	1	1	2	0
     1703	2020-06-03 19:54:07	1	1	2	0
     1113	2020-06-03 20:10:23	1	1	2	0
     1148	2020-06-03 20:11:06	1	1	1	0
      819	2020-06-03 20:17:47	1	1	2	0
      819	2020-06-03 20:17:49	1	1	2	0
      823	2020-06-03 20:27:02	1	1	16	0
      821	2020-06-03 20:29:15	1	1	16	0
      826	2020-06-03 20:45:21	1	1	16	0
     1165	2020-06-03 21:06:03	1	1	1	0
     1102	2020-06-03 21:06:55	1	1	1	0
     1121	2020-06-03 21:09:12	1	1	1	0
     1134	2020-06-03 21:10:35	1	1	1	0
     1135	2020-06-03 21:12:04	1	1	1	0
     1137	2020-06-03 21:12:24	1	1	0	0
     1058	2020-06-03 21:13:35	1	1	1	0
     1136	2020-06-03 21:15:10	1	1	1	0
     1147	2020-06-03 21:16:16	1	1	2	0
     1147	2020-06-03 21:16:19	1	1	2	0
     1027	2020-06-03 21:19:07	1	1	1	0
     1146	2020-06-03 21:21:41	1	1	2	0
     1141	2020-06-03 21:23:50	1	1	0	0
     1118	2020-06-03 21:30:12	1	1	1	0
     1061	2020-06-03 21:32:13	1	1	1	0
     1013	2020-06-03 21:33:02	1	1	1	0
     1062	2020-06-03 21:33:32	1	1	1	0
     1022	2020-06-03 21:35:23	1	1	1	0
     1016	2020-06-03 21:38:02	1	1	1	0
     1040	2020-06-03 21:41:17	1	1	1	0
     1051	2020-06-03 21:41:31	1	1	1	0
     1051	2020-06-03 21:41:33	1	1	1	0
     1051	2020-06-03 21:41:35	1	1	1	0
      305	2020-06-03 21:54:01	1	1	0	0
      820	2020-06-03 21:56:19	1	1	0	0
      307	2020-06-03 21:56:34	1	1	0	0
     1301	2020-06-03 21:59:13	1	1	1	0
      313	2020-06-03 22:01:02	1	1	2	0
      313	2020-06-03 22:01:25	1	1	2	0
     1501	2020-06-03 22:09:49	1	1	2	0
      309	2020-06-03 22:10:07	1	1	0	0
      601	2020-06-03 22:29:01	1	1	1	0
      608	2020-06-03 22:29:04	1	1	2	0
      620	2020-06-03 22:43:02	1	1	2	0
      302	2020-06-03 23:21:48	1	1	0	0
      304	2020-06-03 23:22:04	1	1	0	0
      302	2020-06-04 05:30:40	1	0	16	0
      304	2020-06-04 05:31:57	1	0	0	0
      305	2020-06-04 05:45:02	1	0	0	0
      307	2020-06-04 05:45:47	1	0	0	0
      810	2020-06-04 05:54:09	1	0	16	0
     1301	2020-06-04 06:06:04	1	0	1	0
      401	2020-06-04 06:21:49	1	0	1	0
      309	2020-06-04 06:24:44	1	0	1	0
      811	2020-06-04 06:24:51	1	0	1	0
     1066	2020-06-04 06:45:56	1	0	16	0
     1013	2020-06-04 06:46:42	1	0	1	0
      601	2020-06-04 06:48:57	1	0	1	0
     1047	2020-06-04 06:58:00	1	0	1	0
      313	2020-06-04 07:01:24	1	0	2	0
      612	2020-06-04 07:03:45	1	0	2	0
      606	2020-06-04 07:12:38	1	0	2	0
     1040	2020-06-04 07:14:58	1	0	1	0
      821	2020-06-04 07:18:43	1	0	16	0
     1016	2020-06-04 07:19:18	1	0	1	0
      702	2020-06-04 07:23:43	1	0	1	0
     1058	2020-06-04 07:28:23	1	0	1	0
     1117	2020-06-04 07:34:34	1	0	16	0
     1135	2020-06-04 07:35:00	1	0	1	0
     1062	2020-06-04 07:35:06	1	0	1	0
     1061	2020-06-04 07:36:08	1	0	1	0
     1102	2020-06-04 07:36:37	1	0	1	0
     1121	2020-06-04 07:38:30	1	0	1	0
     1113	2020-06-04 07:44:55	1	0	2	0
     1148	2020-06-04 07:45:01	1	0	1	0
     1022	2020-06-04 07:45:26	1	0	1	0
     1154	2020-06-04 07:47:17	1	0	1	0
     1141	2020-06-04 07:48:53	1	0	0	0
      819	2020-06-04 07:50:31	1	0	2	0
      819	2020-06-04 07:50:33	1	0	2	0
     1501	2020-06-04 07:52:36	1	0	2	0
      823	2020-06-04 07:52:43	1	0	16	0
     1136	2020-06-04 07:53:40	1	0	1	0
     1146	2020-06-04 07:58:02	1	0	2	0
     1164	2020-06-04 08:00:21	1	0	16	0
     1137	2020-06-04 08:03:08	1	0	0	0
      617	2020-06-04 08:07:31	1	0	2	0
      637	2020-06-04 08:07:39	1	0	2	0
      608	2020-06-04 08:08:06	1	0	2	0
      620	2020-06-04 08:08:48	1	0	2	0
      502	2020-06-04 08:09:32	1	1	0	0
     1701	2020-06-04 08:10:21	1	0	2	0
     1703	2020-06-04 08:10:32	1	0	2	0
     1702	2020-06-04 08:11:05	1	0	2	0
      636	2020-06-04 08:14:17	1	0	2	0
      604	2020-06-04 08:25:57	1	0	0	0
      101	2020-06-04 08:37:27	1	0	0	0
      502	2020-06-04 17:47:44	1	0	0	0
      702	2020-06-04 18:05:04	1	0	2	0
      702	2020-06-04 18:06:26	1	1	2	0
      702	2020-06-04 18:06:28	1	1	2	0
      617	2020-06-04 18:06:34	1	1	2	0
      636	2020-06-04 18:09:58	1	1	2	0
      604	2020-06-04 18:10:34	1	1	0	0
      637	2020-06-04 18:12:51	1	1	2	0
      612	2020-06-04 18:26:49	1	1	2	0
      612	2020-06-04 18:26:51	1	1	2	0
     1701	2020-06-04 18:56:51	1	1	2	0
     1702	2020-06-04 18:56:55	1	1	2	0
     1703	2020-06-04 18:57:02	1	1	2	0
      401	2020-06-04 19:02:03	1	1	1	0
     1113	2020-06-04 20:06:35	1	1	2	0
     1113	2020-06-04 20:06:37	1	1	2	0
     1148	2020-06-04 20:08:00	1	1	1	0
     1117	2020-06-04 20:23:34	1	1	16	0
      608	2020-06-04 21:00:41	1	1	2	0
      608	2020-06-04 21:00:43	1	1	2	0
     1136	2020-06-04 21:04:23	1	1	1	0
     1165	2020-06-04 21:04:34	1	1	1	0
     1135	2020-06-04 21:04:57	1	1	1	0
     1146	2020-06-04 21:05:25	1	1	2	0
      821	2020-06-04 21:05:41	1	1	16	0
     1501	2020-06-04 21:06:03	1	1	0	0
     1058	2020-06-04 21:06:14	1	1	1	0
      818	2020-06-04 21:06:17	1	1	1	0
     1154	2020-06-04 21:07:10	1	1	1	0
      819	2020-06-04 21:08:26	1	1	2	0
     1137	2020-06-04 21:09:20	1	1	0	0
     1040	2020-06-04 21:09:58	1	1	1	0
     1134	2020-06-04 21:10:25	1	1	1	0
      823	2020-06-04 21:13:05	1	1	16	0
     1141	2020-06-04 21:22:00	1	1	0	0
     1147	2020-06-04 21:22:41	1	1	2	0
     1062	2020-06-04 21:22:57	1	1	1	0
     1013	2020-06-04 21:25:44	1	1	1	0
     1047	2020-06-04 21:27:14	1	1	1	0
     1047	2020-06-04 21:27:17	1	1	1	0
     1054	2020-06-04 21:27:35	1	1	1	0
     1061	2020-06-04 21:28:50	1	1	1	0
     1066	2020-06-04 21:29:01	1	1	16	0
     1016	2020-06-04 21:33:23	1	1	1	0
     1035	2020-06-04 21:36:28	1	1	1	0
      620	2020-06-04 21:56:33	1	1	2	0
      601	2020-06-04 22:09:51	1	1	2	0
     1164	2020-06-04 22:35:37	1	1	1	0
     1022	2020-06-04 22:49:05	1	1	1	0
     1301	2020-06-04 22:56:47	1	1	1	0
      811	2020-06-04 22:57:00	1	1	1	0
      302	2020-06-04 23:03:43	1	1	0	0
      305	2020-06-04 23:03:55	1	1	0	0
      307	2020-06-04 23:04:08	1	1	0	0
      309	2020-06-04 23:04:39	1	1	1	0
      304	2020-06-04 23:04:47	1	1	0	0
      313	2020-06-04 23:05:17	1	1	2	0
      401	2020-06-05 05:50:30	1	0	1	0
      601	2020-06-05 06:59:24	1	0	1	0
      606	2020-06-05 07:05:24	1	0	2	0
      606	2020-06-05 07:05:26	1	0	2	0
      612	2020-06-05 07:12:52	1	0	2	0
      810	2020-06-05 07:15:53	1	0	1	0
      302	2020-06-05 07:25:13	1	0	0	0
     1016	2020-06-05 07:31:55	1	0	1	0
      617	2020-06-05 07:34:08	1	0	2	0
      702	2020-06-05 07:34:31	1	0	1	0
     1014	2020-06-05 07:36:30	1	0	16	0
     1058	2020-06-05 07:36:41	1	0	1	0
     1301	2020-06-05 07:37:13	1	0	1	0
      604	2020-06-05 07:37:23	1	0	0	0
      821	2020-06-05 07:37:56	1	0	0	0
     1061	2020-06-05 07:38:12	1	0	1	0
     1117	2020-06-05 07:40:49	1	0	16	0
     1040	2020-06-05 07:40:57	1	0	1	0
     1047	2020-06-05 07:41:19	1	0	1	0
      313	2020-06-05 07:45:24	1	0	17	0
      313	2020-06-05 07:45:26	1	0	16	0
     1066	2020-06-05 07:50:33	1	0	16	0
     1121	2020-06-05 07:51:33	1	0	1	0
      304	2020-06-05 07:56:49	1	0	0	0
     1165	2020-06-05 07:56:55	1	0	1	0
     1146	2020-06-05 07:58:06	1	0	2	0
     1147	2020-06-05 07:58:16	1	0	2	0
     1062	2020-06-05 07:59:16	1	0	1	0
     1137	2020-06-05 08:00:36	1	0	0	0
     1501	2020-06-05 08:03:43	1	0	1	0
      309	2020-06-05 08:05:11	1	0	1	0
      823	2020-06-05 08:07:08	1	0	16	0
     1013	2020-06-05 08:07:33	1	0	1	0
      313	2020-06-05 08:07:58	1	0	2	0
      307	2020-06-05 08:08:05	1	0	0	0
      305	2020-06-05 08:09:18	1	0	1	0
     1022	2020-06-05 08:10:03	1	0	1	0
      819	2020-06-05 08:13:48	1	0	2	0
      819	2020-06-05 08:13:50	1	0	2	0
      620	2020-06-05 08:15:00	1	0	2	0
      811	2020-06-05 08:17:15	1	0	1	0
     1164	2020-06-05 08:17:24	1	0	16	0
     1701	2020-06-05 08:17:49	1	0	2	0
      636	2020-06-05 08:17:55	1	0	2	0
     1703	2020-06-05 08:18:17	1	0	2	0
     1702	2020-06-05 08:18:51	1	0	2	0
      608	2020-06-05 08:25:32	1	0	2	0
      502	2020-06-05 09:27:37	1	0	2	0
      502	2020-06-05 09:27:39	1	0	2	0
      502	2020-06-05 09:27:41	1	0	2	0
      702	2020-06-05 18:01:30	1	1	2	0
      702	2020-06-05 18:01:32	1	1	2	0
      617	2020-06-05 18:02:35	1	1	2	0
      612	2020-06-05 18:08:41	1	1	2	0
      636	2020-06-05 18:11:57	1	1	2	0
      604	2020-06-05 18:12:57	1	1	0	0
      826	2020-06-05 18:13:07	1	1	16	0
      823	2020-06-05 18:13:28	1	1	16	0
     1701	2020-06-05 18:15:47	1	1	2	0
     1703	2020-06-05 18:16:04	1	1	2	0
     1702	2020-06-05 18:16:09	1	1	2	0
      401	2020-06-05 19:17:41	1	5	1	0
     1117	2020-06-05 20:12:54	1	1	16	0
      819	2020-06-05 20:13:32	1	1	2	0
      819	2020-06-05 20:13:34	1	1	2	0
     1501	2020-06-05 20:19:44	1	1	2	0
     1113	2020-06-05 20:22:02	1	1	2	0
     1148	2020-06-05 20:24:07	1	1	1	0
      810	2020-06-05 20:25:55	1	1	1	0
      822	2020-06-05 20:34:19	1	1	2	0
      620	2020-06-05 20:42:23	1	1	2	0
      601	2020-06-05 21:06:09	1	1	1	0
      608	2020-06-05 21:06:22	1	1	2	0
     1165	2020-06-05 21:06:38	1	1	1	0
      818	2020-06-05 21:06:44	1	1	1	0
      821	2020-06-05 21:07:53	1	1	16	0
     1121	2020-06-05 21:08:23	1	1	1	0
     1136	2020-06-05 21:09:30	1	1	1	0
     1137	2020-06-05 21:11:14	1	1	0	0
     1058	2020-06-05 21:11:43	1	1	1	0
      820	2020-06-05 21:12:00	1	1	0	0
     1061	2020-06-05 21:13:24	1	1	16	0
     1146	2020-06-05 21:14:03	1	1	2	0
     1154	2020-06-05 21:14:32	1	1	1	0
     1022	2020-06-05 21:15:38	1	1	1	0
     1062	2020-06-05 21:17:57	1	1	1	0
     1147	2020-06-05 21:18:12	1	1	2	0
     1013	2020-06-05 21:18:23	1	1	1	0
     1054	2020-06-05 21:18:48	1	1	1	0
     1047	2020-06-05 21:19:28	1	1	1	0
     1169	2020-06-05 21:20:11	1	1	1	0
     1164	2020-06-05 21:21:11	1	1	1	0
     1066	2020-06-05 21:21:21	1	1	16	0
     1016	2020-06-05 21:22:32	1	1	1	0
     1040	2020-06-05 21:23:16	1	1	1	0
     1301	2020-06-05 22:37:40	1	1	2	0
      811	2020-06-05 22:39:02	1	1	1	0
      313	2020-06-05 22:40:18	1	1	17	0
      313	2020-06-05 22:40:21	1	1	16	0
      309	2020-06-05 22:40:35	1	1	0	0
      313	2020-06-05 22:40:38	1	1	16	0
      307	2020-06-05 22:40:44	1	1	0	0
      305	2020-06-05 22:40:51	1	1	0	0
      302	2020-06-05 22:41:50	1	1	0	0
      304	2020-06-05 22:41:59	1	1	0	0
      401	2020-06-06 05:48:53	1	0	1	0
      612	2020-06-06 07:05:54	1	0	2	0
      601	2020-06-06 07:17:10	1	0	1	0
      302	2020-06-06 07:24:19	1	0	0	0
     1121	2020-06-06 07:35:01	1	0	1	0
      702	2020-06-06 07:37:54	1	0	1	0
      606	2020-06-06 07:38:03	1	0	2	0
      606	2020-06-06 07:38:05	1	0	2	0
      820	2020-06-06 07:39:06	1	0	0	0
      617	2020-06-06 07:39:28	1	0	2	0
     1016	2020-06-06 07:40:18	1	0	1	0
      313	2020-06-06 07:43:00	1	0	2	0
     1102	2020-06-06 07:43:14	1	0	1	0
      309	2020-06-06 07:45:21	1	0	0	0
      810	2020-06-06 07:45:45	1	0	1	0
     1135	2020-06-06 07:48:04	1	0	1	0
     1501	2020-06-06 07:50:28	1	0	1	0
     1136	2020-06-06 07:53:15	1	0	1	0
     1141	2020-06-06 07:57:00	1	0	0	0
     1062	2020-06-06 07:57:47	1	0	1	0
      304	2020-06-06 07:58:04	1	0	0	0
      821	2020-06-06 07:59:51	1	0	16	0
      819	2020-06-06 08:01:21	1	0	2	0
     1022	2020-06-06 08:03:29	1	0	1	0
     1047	2020-06-06 08:04:25	1	0	1	0
      604	2020-06-06 08:05:48	1	0	0	0
     1013	2020-06-06 08:05:53	1	0	1	0
     1113	2020-06-06 08:07:12	1	0	2	0
     1146	2020-06-06 08:07:39	1	0	2	0
      307	2020-06-06 08:08:46	1	0	0	0
      637	2020-06-06 08:09:01	1	0	2	0
     1040	2020-06-06 08:09:07	1	0	1	0
     1027	2020-06-06 08:09:22	1	0	1	0
     1301	2020-06-06 08:09:37	1	0	1	0
     1164	2020-06-06 08:10:11	1	0	1	0
      305	2020-06-06 08:10:19	1	0	0	0
      811	2020-06-06 08:14:00	1	0	1	0
      822	2020-06-06 08:14:06	1	0	2	0
      636	2020-06-06 08:16:37	1	0	2	0
      608	2020-06-06 08:16:45	1	0	2	0
     1165	2020-06-06 08:17:04	1	0	1	0
     1703	2020-06-06 08:17:38	1	0	2	0
     1701	2020-06-06 08:18:06	1	0	2	0
     1702	2020-06-06 08:18:09	1	0	2	0
      502	2020-06-06 08:36:11	1	0	2	0
      502	2020-06-06 08:36:13	1	0	2	0
      101	2020-06-06 10:22:24	1	0	0	0
      702	2020-06-06 13:02:14	1	1	2	0
      702	2020-06-06 13:02:16	1	1	2	0
      702	2020-06-06 13:02:17	1	1	2	0
      637	2020-06-06 13:15:29	1	1	2	0
      637	2020-06-06 13:15:31	1	1	2	0
      636	2020-06-06 13:18:09	1	1	2	0
      604	2020-06-06 13:18:28	1	1	0	0
      612	2020-06-06 13:26:17	1	1	2	0
      617	2020-06-06 13:38:01	1	1	2	0
      608	2020-06-06 13:44:50	1	1	2	0
      401	2020-06-06 14:02:29	1	1	1	0
     1501	2020-06-06 14:57:35	1	1	2	0
     1701	2020-06-06 16:53:46	1	1	2	0
     1702	2020-06-06 16:53:54	1	1	2	0
     1703	2020-06-06 16:54:10	1	1	2	0
     1165	2020-06-06 18:07:49	1	1	1	0
     1121	2020-06-06 18:11:37	1	1	1	0
     1102	2020-06-06 18:12:26	1	1	1	0
     1117	2020-06-06 18:12:35	1	1	16	0
     1137	2020-06-06 18:14:53	1	1	0	0
     1058	2020-06-06 18:22:14	1	1	1	0
     1126	2020-06-06 18:22:36	1	1	0	0
     1007	2020-06-06 18:24:08	1	1	1	0
     1062	2020-06-06 18:24:15	1	1	1	0
      819	2020-06-06 18:30:06	1	1	2	0
     1047	2020-06-06 18:30:20	1	1	1	0
     1014	2020-06-06 18:30:40	1	1	16	0
     1013	2020-06-06 18:30:58	1	1	1	0
     1141	2020-06-06 18:32:58	1	1	0	0
     1016	2020-06-06 18:33:44	1	1	1	0
     1061	2020-06-06 18:34:26	1	1	1	0
     1147	2020-06-06 18:34:34	1	1	2	0
     1169	2020-06-06 18:35:13	1	1	1	0
     1022	2020-06-06 18:40:04	1	1	1	0
     1148	2020-06-06 18:41:43	1	1	1	0
      820	2020-06-06 18:41:53	1	1	0	0
     1113	2020-06-06 18:43:32	1	1	2	0
     1135	2020-06-06 18:49:47	1	1	1	0
     1146	2020-06-06 18:53:21	1	1	2	0
     1040	2020-06-06 19:04:33	1	1	1	0
      818	2020-06-06 19:19:30	1	1	1	0
      304	2020-06-06 20:06:31	1	1	0	0
      302	2020-06-06 20:06:41	1	1	0	0
     1301	2020-06-06 20:17:17	1	1	2	0
      313	2020-06-06 20:18:53	1	1	2	0
      307	2020-06-06 20:45:00	1	1	0	0
      309	2020-06-06 20:45:07	1	1	1	0
      305	2020-06-06 20:45:54	1	1	1	0
     1164	2020-06-06 20:47:20	1	1	1	0
      811	2020-06-06 20:48:24	1	1	1	0
      302	2020-06-07 07:39:40	1	0	0	0
     1058	2020-06-07 07:41:23	1	0	1	0
     1061	2020-06-07 07:42:08	1	0	1	0
     1165	2020-06-07 07:43:53	1	0	1	0
      810	2020-06-07 07:48:05	1	0	1	0
      810	2020-06-07 07:48:07	1	0	1	0
      820	2020-06-07 07:48:21	1	0	1	0
     1062	2020-06-07 07:50:45	1	0	1	0
     1141	2020-06-07 07:53:13	1	0	0	0
     1014	2020-06-07 07:53:26	1	0	16	0
     1124	2020-06-07 07:54:03	1	0	1	0
      305	2020-06-07 07:54:42	1	0	0	0
     1113	2020-06-07 07:59:57	1	0	2	0
      304	2020-06-07 08:00:22	1	0	0	0
     1134	2020-06-07 08:02:25	1	0	1	0
     1013	2020-06-07 08:04:09	1	0	1	0
      307	2020-06-07 08:04:37	1	0	0	0
      313	2020-06-07 08:04:53	1	0	17	0
      309	2020-06-07 08:16:08	1	0	1	0
      309	2020-06-07 08:16:10	1	0	1	0
     1040	2020-06-07 08:20:42	1	0	1	0
     1146	2020-06-07 08:22:54	1	0	2	0
     1165	2020-06-07 13:08:10	1	0	1	0
     1061	2020-06-07 13:10:09	1	0	1	0
     1058	2020-06-07 13:12:07	1	0	1	0
     1169	2020-06-07 13:13:27	1	0	1	0
     1047	2020-06-07 13:18:45	1	0	1	0
     1146	2020-06-07 13:19:13	1	0	2	0
     1113	2020-06-07 13:21:29	1	0	2	0
     1062	2020-06-07 13:22:20	1	0	1	0
     1066	2020-06-07 13:24:29	1	0	16	0
      811	2020-06-07 13:30:34	1	0	1	0
     1141	2020-06-07 13:31:04	1	0	0	0
     1013	2020-06-07 13:31:26	1	0	1	0
      810	2020-06-07 13:43:00	1	0	1	0
      820	2020-06-07 13:45:01	1	0	0	0
      305	2020-06-07 13:48:05	1	0	0	0
      313	2020-06-07 13:48:09	1	0	16	0
      313	2020-06-07 13:48:16	1	0	17	0
      313	2020-06-07 13:48:19	1	0	16	0
      302	2020-06-07 13:48:43	1	0	0	0
      304	2020-06-07 13:48:51	1	0	0	0
      309	2020-06-07 13:49:01	1	0	1	0
      307	2020-06-07 13:49:08	1	0	0	0
     1040	2020-06-07 13:49:32	1	0	1	0
      401	2020-06-08 05:24:29	1	0	1	0
      302	2020-06-08 07:25:33	1	0	0	0
      620	2020-06-08 07:32:08	1	0	2	0
      702	2020-06-08 07:40:19	1	0	1	0
     1147	2020-06-08 07:40:57	1	0	2	0
     1117	2020-06-08 07:41:08	1	0	16	0
     1016	2020-06-08 07:41:22	1	0	1	0
     1171	2020-06-08 07:43:16	1	0	16	0
     1014	2020-06-08 07:43:43	1	0	16	0
      617	2020-06-08 07:46:47	1	0	2	0
      637	2020-06-08 07:48:08	1	0	16	0
     1040	2020-06-08 07:49:53	1	0	1	0
     1165	2020-06-08 07:50:33	1	0	1	0
     1047	2020-06-08 07:50:53	1	0	1	0
     1058	2020-06-08 07:51:06	1	0	1	0
     1062	2020-06-08 07:51:28	1	0	1	0
     1013	2020-06-08 07:51:50	1	0	1	0
     1061	2020-06-08 07:52:45	1	0	1	0
     1128	2020-06-08 07:52:52	1	0	1	0
     1148	2020-06-08 07:53:17	1	0	1	0
     1136	2020-06-08 07:54:41	1	0	1	0
      313	2020-06-08 07:54:58	1	0	2	0
      304	2020-06-08 07:57:53	1	0	0	0
      309	2020-06-08 07:58:18	1	0	1	0
     1066	2020-06-08 08:00:21	1	0	16	0
     1022	2020-06-08 08:01:51	1	0	1	0
      819	2020-06-08 08:02:29	1	0	2	0
     1141	2020-06-08 08:05:39	1	0	0	0
     1118	2020-06-08 08:06:07	1	0	1	0
      307	2020-06-08 08:07:13	1	0	0	0
     1146	2020-06-08 08:07:29	1	0	2	0
     1301	2020-06-08 08:07:51	1	0	1	0
     1137	2020-06-08 08:08:33	1	0	0	0
      608	2020-06-08 08:11:43	1	0	2	0
     1164	2020-06-08 08:14:57	1	0	1	0
      811	2020-06-08 08:15:34	1	0	1	0
     1701	2020-06-08 08:18:14	1	0	2	0
     1703	2020-06-08 08:19:03	1	0	2	0
      305	2020-06-08 08:19:42	1	0	0	0
      307	2020-06-08 08:19:53	1	0	0	0
      604	2020-06-08 08:23:03	1	0	0	0
     1702	2020-06-08 08:25:54	1	0	2	0
      612	2020-06-08 08:33:25	1	0	2	0
     1501	2020-06-08 08:43:33	1	0	2	0
     1135	2020-06-08 11:31:03	1	0	1	0
      702	2020-06-08 18:00:49	1	1	2	0
      702	2020-06-08 18:00:57	1	1	2	0
      702	2020-06-08 18:00:59	1	1	2	0
      617	2020-06-08 18:02:25	1	1	2	0
      620	2020-06-08 18:10:56	1	1	2	0
      612	2020-06-08 18:11:08	1	1	2	0
      612	2020-06-08 18:11:10	1	1	2	0
      612	2020-06-08 18:11:12	1	1	2	0
      612	2020-06-08 18:11:14	1	1	2	0
      612	2020-06-08 18:11:16	1	1	2	0
      604	2020-06-08 18:11:29	1	1	0	0
      401	2020-06-08 19:01:46	1	1	1	0
      608	2020-06-08 19:44:16	1	1	2	0
     1703	2020-06-08 19:54:22	1	1	16	0
     1701	2020-06-08 19:55:10	1	1	2	0
     1702	2020-06-08 19:55:13	1	1	2	0
     1117	2020-06-08 20:13:02	1	1	16	0
      819	2020-06-08 20:18:17	1	1	2	0
     1113	2020-06-08 20:25:04	1	1	2	0
     1148	2020-06-08 20:26:09	1	1	1	0
     1501	2020-06-08 20:28:14	1	1	2	0
     1171	2020-06-08 21:02:24	1	1	16	0
     1121	2020-06-08 21:07:34	1	1	1	0
     1014	2020-06-08 21:09:21	1	1	16	0
     1136	2020-06-08 21:09:50	1	1	1	0
     1137	2020-06-08 21:11:14	1	1	0	0
     1058	2020-06-08 21:12:47	1	1	1	0
     1126	2020-06-08 21:13:23	1	1	0	0
     1165	2020-06-08 21:13:42	1	1	1	0
     1135	2020-06-08 21:15:47	1	1	1	0
     1040	2020-06-08 21:17:04	1	1	1	0
     1147	2020-06-08 21:19:09	1	1	2	0
     1124	2020-06-08 21:20:13	1	1	1	0
     1146	2020-06-08 21:20:48	1	1	2	0
     1061	2020-06-08 21:27:37	1	1	1	0
     1022	2020-06-08 21:30:06	1	1	1	0
     1062	2020-06-08 21:30:36	1	1	1	0
     1301	2020-06-08 21:31:54	1	1	1	0
      811	2020-06-08 21:33:27	1	1	1	0
     1047	2020-06-08 21:36:14	1	1	1	0
     1066	2020-06-08 21:36:20	1	1	1	0
     1141	2020-06-08 21:36:33	1	1	0	0
     1118	2020-06-08 21:36:44	1	1	1	0
     1013	2020-06-08 21:37:47	1	1	1	0
     1016	2020-06-08 21:39:20	1	1	1	0
      313	2020-06-08 21:55:17	1	1	2	0
      304	2020-06-08 21:55:22	1	1	0	0
      307	2020-06-08 21:55:29	1	1	0	0
      309	2020-06-08 21:55:32	1	1	1	0
      302	2020-06-08 21:55:50	1	1	0	0
      305	2020-06-08 21:56:01	1	1	0	0
      810	2020-06-09 01:01:46	1	1	1	0
      820	2020-06-09 01:04:44	1	1	1	0
      818	2020-06-09 01:04:57	1	1	1	0
      401	2020-06-09 06:09:52	1	0	1	0
      302	2020-06-09 06:43:23	1	0	0	0
     1062	2020-06-09 06:51:29	1	0	1	0
     1013	2020-06-09 06:52:26	1	0	1	0
     1061	2020-06-09 06:53:24	1	0	1	0
      807	2020-06-09 06:55:05	1	0	0	0
      826	2020-06-09 06:56:42	1	0	16	0
      823	2020-06-09 06:57:13	1	0	16	0
      307	2020-06-09 07:03:12	1	0	0	0
      305	2020-06-09 07:03:33	1	0	0	0
      820	2020-06-09 07:04:24	1	0	1	0
      612	2020-06-09 07:11:48	1	0	2	0
      612	2020-06-09 07:11:50	1	0	2	0
      309	2020-06-09 07:13:58	1	0	1	0
      304	2020-06-09 07:14:08	1	0	0	0
     1040	2020-06-09 07:17:11	1	0	1	0
      601	2020-06-09 07:17:52	1	0	1	0
      604	2020-06-09 07:21:10	1	0	0	0
      313	2020-06-09 07:29:52	1	0	17	0
      702	2020-06-09 07:30:20	1	0	1	0
      617	2020-06-09 07:31:42	1	0	2	0
      617	2020-06-09 07:31:44	1	0	2	0
     1171	2020-06-09 07:32:57	1	0	16	0
     1136	2020-06-09 07:39:41	1	0	1	0
     1047	2020-06-09 07:39:56	1	0	1	0
     1113	2020-06-09 07:41:35	1	0	2	0
      810	2020-06-09 07:42:56	1	0	1	0
      304	2020-06-09 07:44:15	1	0	0	0
     1141	2020-06-09 07:47:08	1	0	0	0
     1117	2020-06-09 07:47:42	1	0	16	0
     1022	2020-06-09 07:50:48	1	0	1	0
     1135	2020-06-09 07:52:52	1	0	1	0
      608	2020-06-09 07:53:00	1	0	2	0
     1066	2020-06-09 07:54:51	1	0	16	0
     1146	2020-06-09 07:58:52	1	0	2	0
     1146	2020-06-09 07:58:54	1	0	2	0
      819	2020-06-09 08:00:29	1	0	2	0
     1501	2020-06-09 08:00:42	1	0	2	0
      637	2020-06-09 08:00:49	1	0	2	0
     1137	2020-06-09 08:02:15	1	0	0	0
      620	2020-06-09 08:08:33	1	0	2	0
     1702	2020-06-09 08:17:18	1	0	2	0
     1702	2020-06-09 08:17:20	1	0	2	0
     1703	2020-06-09 08:17:29	1	0	2	0
     1301	2020-06-09 08:20:27	1	0	1	0
     1701	2020-06-09 08:20:32	1	0	2	0
      101	2020-06-09 08:32:54	1	0	0	0
      702	2020-06-09 18:03:37	1	0	2	0
      702	2020-06-09 18:03:45	1	5	2	0
      702	2020-06-09 18:03:48	1	5	2	0
      702	2020-06-09 18:03:50	1	5	2	0
      702	2020-06-09 18:03:52	1	5	2	0
      702	2020-06-09 18:03:54	1	5	2	0
      617	2020-06-09 18:05:06	1	5	2	0
      617	2020-06-09 18:05:08	1	5	2	0
      617	2020-06-09 18:05:10	1	5	2	0
      620	2020-06-09 18:14:04	1	5	2	0
      637	2020-06-09 18:15:56	1	5	2	0
      604	2020-06-09 18:18:44	1	5	0	0
      612	2020-06-09 18:23:23	1	5	2	0
     1703	2020-06-09 18:52:10	1	1	2	0
     1702	2020-06-09 18:52:37	1	1	2	0
     1701	2020-06-09 18:53:25	1	1	2	0
      401	2020-06-09 19:01:15	1	1	1	0
      608	2020-06-09 19:59:44	1	1	2	0
      826	2020-06-09 20:08:25	1	1	16	0
     1117	2020-06-09 20:14:01	1	1	16	0
      819	2020-06-09 20:20:14	1	1	2	0
      819	2020-06-09 20:20:16	1	1	2	0
     1148	2020-06-09 20:33:28	1	1	1	0
     1113	2020-06-09 20:40:19	1	1	2	0
     1113	2020-06-09 20:40:21	1	1	2	0
     1171	2020-06-09 21:03:44	1	1	16	0
     1137	2020-06-09 21:07:17	1	1	0	0
     1121	2020-06-09 21:07:21	1	1	1	0
     1058	2020-06-09 21:11:48	1	1	1	0
     1136	2020-06-09 21:11:59	1	1	1	0
     1106	2020-06-09 21:12:13	1	1	16	0
     1135	2020-06-09 21:12:37	1	1	1	0
      811	2020-06-09 21:13:06	1	1	1	0
      823	2020-06-09 21:13:43	1	1	16	0
     1147	2020-06-09 21:14:21	1	1	2	0
     1061	2020-06-09 21:15:45	1	1	1	0
     1146	2020-06-09 21:16:27	1	1	2	0
     1062	2020-06-09 21:17:45	1	1	1	0
     1022	2020-06-09 21:20:58	1	1	1	0
     1164	2020-06-09 21:22:03	1	1	1	0
     1118	2020-06-09 21:23:03	1	1	2	0
     1047	2020-06-09 21:24:10	1	1	1	0
     1141	2020-06-09 21:24:35	1	1	0	0
     1013	2020-06-09 21:24:40	1	1	1	0
     1066	2020-06-09 21:26:21	1	1	16	0
     1051	2020-06-09 21:26:47	1	1	1	0
     1501	2020-06-09 21:45:44	1	1	2	0
     1040	2020-06-09 21:46:45	1	1	1	0
      302	2020-06-09 21:46:54	1	1	0	0
      305	2020-06-09 21:47:01	1	1	0	0
      313	2020-06-09 21:47:37	1	1	17	0
      307	2020-06-09 21:47:48	1	1	0	0
      309	2020-06-09 21:48:11	1	1	0	0
      304	2020-06-09 21:48:21	1	1	0	0
     1301	2020-06-09 22:01:21	1	1	1	0
      820	2020-06-10 00:42:03	1	1	1	0
      807	2020-06-10 00:42:15	1	1	0	0
      401	2020-06-10 05:51:53	1	0	1	0
      606	2020-06-10 07:00:26	1	0	2	0
      601	2020-06-10 07:07:24	1	0	1	0
      612	2020-06-10 07:10:52	1	0	2	0
      612	2020-06-10 07:10:54	1	0	2	0
      807	2020-06-10 07:16:26	1	0	0	0
      604	2020-06-10 07:22:13	1	0	0	0
      313	2020-06-10 07:26:28	1	0	2	0
      302	2020-06-10 07:37:42	1	0	0	0
      304	2020-06-10 07:40:16	1	0	0	0
      702	2020-06-10 07:47:07	1	0	2	0
      617	2020-06-10 07:47:39	1	0	2	0
      617	2020-06-10 07:47:41	1	0	2	0
     1014	2020-06-10 07:51:53	1	0	16	0
      309	2020-06-10 07:52:41	1	0	1	0
     1016	2020-06-10 07:52:56	1	0	1	0
     1062	2020-06-10 07:53:04	1	0	1	0
     1061	2020-06-10 07:53:21	1	0	1	0
     1147	2020-06-10 07:53:37	1	0	2	0
      305	2020-06-10 07:53:53	1	0	1	0
     1058	2020-06-10 07:54:03	1	0	1	0
      819	2020-06-10 07:56:18	1	0	2	0
      810	2020-06-10 07:58:08	1	0	1	0
     1171	2020-06-10 07:58:19	1	0	16	0
     1013	2020-06-10 08:00:59	1	0	1	0
     1117	2020-06-10 08:01:23	1	0	16	0
     1022	2020-06-10 08:02:37	1	0	1	0
     1066	2020-06-10 08:02:51	1	0	16	0
     1047	2020-06-10 08:03:13	1	0	1	0
     1501	2020-06-10 08:04:17	1	0	2	0
     1121	2020-06-10 08:04:26	1	0	1	0
      307	2020-06-10 08:05:10	1	0	0	0
     1137	2020-06-10 08:05:30	1	0	0	0
     1141	2020-06-10 08:06:34	1	0	0	0
     1135	2020-06-10 08:07:47	1	0	1	0
     1128	2020-06-10 08:07:59	1	0	1	0
     1165	2020-06-10 08:10:19	1	0	1	0
     1113	2020-06-10 08:11:00	1	0	2	0
     1118	2020-06-10 08:13:01	1	0	1	0
      811	2020-06-10 08:16:12	1	0	1	0
     1701	2020-06-10 08:18:00	1	0	2	0
     1702	2020-06-10 08:18:13	1	0	2	0
     1702	2020-06-10 08:18:15	1	0	2	0
      636	2020-06-10 08:18:20	1	0	2	0
     1703	2020-06-10 08:18:50	1	0	2	0
      608	2020-06-10 08:19:03	1	0	2	0
      608	2020-06-10 08:19:05	1	0	2	0
      632	2020-06-10 13:04:40	1	0	2	0
      632	2020-06-10 13:04:46	1	0	2	0
      312	2020-06-10 13:04:54	1	0	2	0
      711	2020-06-10 13:05:01	1	0	2	0
      711	2020-06-10 13:07:38	1	0	2	0
      638	2020-06-10 14:07:34	1	0	2	0
      638	2020-06-10 14:07:48	1	0	2	0
      638	2020-06-10 14:08:36	1	1	2	0
      639	2020-06-10 14:11:16	1	1	2	0
      639	2020-06-10 14:11:24	1	0	2	0
      711	2020-06-10 14:15:53	1	0	2	0
      711	2020-06-10 14:20:31	1	0	2	0
      711	2020-06-10 14:20:36	1	0	2	0
      711	2020-06-10 14:20:38	1	0	2	0
      711	2020-06-10 14:20:40	1	0	2	0
     1603	2020-06-10 14:29:13	1	0	2	0
      640	2020-06-10 15:23:24	1	1	2	0
      606	2020-06-10 18:02:02	1	1	2	0
      617	2020-06-10 18:02:27	1	1	2	0
      617	2020-06-10 18:02:29	1	1	2	0
      702	2020-06-10 18:03:37	1	1	2	0
      702	2020-06-10 18:03:39	1	1	2	0
      702	2020-06-10 18:03:41	1	1	2	0
      637	2020-06-10 18:09:49	1	1	2	0
      636	2020-06-10 18:09:58	1	1	2	0
      612	2020-06-10 18:20:46	1	1	2	0
      612	2020-06-10 18:20:48	1	1	2	0
     1701	2020-06-10 18:59:28	1	1	2	0
     1701	2020-06-10 18:59:30	1	1	2	0
     1702	2020-06-10 19:00:04	1	1	2	0
     1703	2020-06-10 19:01:01	1	1	2	0
      401	2020-06-10 19:02:08	1	1	1	0
     1171	2020-06-10 20:14:12	1	1	16	0
      604	2020-06-10 20:14:32	1	1	0	0
     1117	2020-06-10 20:15:20	1	1	16	0
      639	2020-06-10 20:15:54	1	1	2	0
      639	2020-06-10 20:15:56	1	1	2	0
      638	2020-06-10 20:17:56	1	1	2	0
     1501	2020-06-10 20:18:03	1	1	2	0
     1501	2020-06-10 20:18:22	1	1	2	0
      608	2020-06-10 20:19:52	1	1	2	0
      819	2020-06-10 20:22:02	1	1	2	0
     1102	2020-06-10 21:08:08	1	1	1	0
     1165	2020-06-10 21:08:41	1	1	1	0
     1137	2020-06-10 21:09:05	1	1	0	0
     1121	2020-06-10 21:09:44	1	1	1	0
     1135	2020-06-10 21:11:00	1	1	1	0
     1148	2020-06-10 21:11:08	1	1	1	0
     1113	2020-06-10 21:11:13	1	1	2	0
     1113	2020-06-10 21:11:15	1	1	2	0
     1106	2020-06-10 21:11:24	1	1	16	0
      823	2020-06-10 21:13:25	1	1	16	0
     1147	2020-06-10 21:13:35	1	1	2	0
     1058	2020-06-10 21:14:08	1	1	1	0
     1146	2020-06-10 21:16:02	1	1	2	0
     1146	2020-06-10 21:16:04	1	1	2	0
      810	2020-06-10 21:16:35	1	1	1	0
      820	2020-06-10 21:17:02	1	1	1	0
     1126	2020-06-10 21:18:17	1	1	0	0
      826	2020-06-10 21:20:15	1	1	16	0
     1141	2020-06-10 21:21:24	1	1	0	0
     1040	2020-06-10 21:25:48	1	1	1	0
     1118	2020-06-10 21:33:04	1	1	2	0
     1047	2020-06-10 21:35:25	1	1	1	0
     1061	2020-06-10 21:35:35	1	1	1	0
     1022	2020-06-10 21:37:27	1	1	1	0
     1062	2020-06-10 21:37:51	1	1	1	0
     1066	2020-06-10 21:39:11	1	1	16	0
     1016	2020-06-10 21:40:27	1	1	1	0
     1013	2020-06-10 21:40:30	1	1	1	0
      309	2020-06-10 21:49:26	1	1	1	0
      304	2020-06-10 21:49:40	1	1	0	0
     1301	2020-06-10 21:57:33	1	1	1	0
     1164	2020-06-10 21:57:58	1	1	1	0
      811	2020-06-10 22:06:37	1	1	1	0
      711	2020-06-10 22:10:55	1	1	2	0
      302	2020-06-10 22:39:45	1	1	0	0
      305	2020-06-10 22:39:53	1	1	0	0
      307	2020-06-10 22:40:10	1	1	0	0
      313	2020-06-10 22:40:18	1	1	2	0
      401	2020-06-11 06:26:26	1	0	1	0
      606	2020-06-11 07:02:24	1	0	2	0
      711	2020-06-11 07:04:53	1	0	2	0
      313	2020-06-11 07:15:47	1	0	17	0
      313	2020-06-11 07:15:50	1	0	16	0
     1301	2020-06-11 07:19:47	1	0	1	0
      820	2020-06-11 07:24:50	1	0	1	0
      807	2020-06-11 07:26:58	1	0	0	0
     1014	2020-06-11 07:35:45	1	0	1	0
      702	2020-06-11 07:39:08	1	0	2	0
      702	2020-06-11 07:39:09	1	0	2	0
     1016	2020-06-11 07:39:18	1	0	1	0
      617	2020-06-11 07:39:40	1	0	2	0
     1141	2020-06-11 07:44:23	1	0	0	0
     1121	2020-06-11 07:44:39	1	0	1	0
     1061	2020-06-11 07:45:20	1	0	1	0
     1047	2020-06-11 07:48:36	1	0	1	0
     1102	2020-06-11 07:54:30	1	0	1	0
     1135	2020-06-11 07:55:39	1	0	1	0
      810	2020-06-11 07:56:46	1	0	1	0
     1146	2020-06-11 07:58:35	1	0	2	0
     1062	2020-06-11 07:58:43	1	0	1	0
     1147	2020-06-11 07:58:59	1	0	2	0
     1147	2020-06-11 07:59:01	1	0	2	0
      304	2020-06-11 08:01:05	1	0	0	0
      302	2020-06-11 08:01:43	1	0	0	0
     1136	2020-06-11 08:02:38	1	0	1	0
     1013	2020-06-11 08:02:53	1	0	1	0
     1051	2020-06-11 08:03:31	1	0	1	0
     1058	2020-06-11 08:05:11	1	0	1	0
     1066	2020-06-11 08:06:02	1	0	16	0
      305	2020-06-11 08:08:20	1	0	1	0
      307	2020-06-11 08:08:41	1	0	0	0
     1117	2020-06-11 08:09:14	1	0	16	0
     1137	2020-06-11 08:09:51	1	0	0	0
     1013	2020-06-11 08:11:03	1	0	1	0
      640	2020-06-11 08:11:09	1	0	2	0
     1113	2020-06-11 08:11:17	1	0	2	0
     1148	2020-06-11 08:11:22	1	0	1	0
      823	2020-06-11 08:11:45	1	0	16	0
      608	2020-06-11 08:12:49	1	0	2	0
      612	2020-06-11 08:13:22	1	0	2	0
      608	2020-06-11 08:13:53	1	0	2	0
      620	2020-06-11 08:17:42	1	0	2	0
      639	2020-06-11 08:18:13	1	0	2	0
      638	2020-06-11 08:18:16	1	0	2	0
      637	2020-06-11 08:18:22	1	0	2	0
     1501	2020-06-11 08:18:29	1	0	2	0
      636	2020-06-11 08:20:31	1	0	2	0
      811	2020-06-11 08:20:52	1	0	1	0
     1702	2020-06-11 08:21:00	1	0	2	0
     1701	2020-06-11 08:21:27	1	0	2	0
     1703	2020-06-11 08:21:34	1	0	2	0
      604	2020-06-11 08:23:58	1	0	0	0
     1022	2020-06-11 09:34:22	1	0	1	0
     1603	2020-06-11 10:39:20	1	1	2	0
      711	2020-06-11 12:53:19	1	0	0	0
     1603	2020-06-11 12:53:32	1	0	1	0
     1603	2020-06-11 12:53:54	1	0	1	0
     1603	2020-06-11 12:54:00	1	0	1	0
     1603	2020-06-11 12:54:07	1	0	1	0
     1603	2020-06-11 12:54:13	1	0	1	0
     1603	2020-06-11 12:54:22	1	0	1	0
     1603	2020-06-11 12:54:49	1	0	1	0
     1701	2020-06-11 12:55:06	1	0	0	0
     1701	2020-06-11 12:55:40	1	0	0	0
     1801	2020-06-11 14:21:25	1	0	16	0
     1801	2020-06-11 14:21:28	1	0	16	0
     1801	2020-06-11 14:30:43	1	0	16	0
     1801	2020-06-11 15:02:07	1	0	16	0
     1801	2020-06-11 15:02:09	1	0	16	0
     1603	2020-06-11 15:02:22	1	0	1	0
     1603	2020-06-11 15:30:32	1	0	2	0
     1603	2020-06-11 15:35:58	1	0	2	0
     1603	2020-06-11 15:36:03	1	0	2	0
     1603	2020-06-11 15:58:16	1	0	2	0
     1603	2020-06-11 16:06:28	1	0	1	0
      702	2020-06-11 18:02:08	1	1	2	0
      617	2020-06-11 18:02:36	1	1	2	0
      639	2020-06-11 18:04:19	1	1	2	0
      637	2020-06-11 18:17:13	1	1	2	0
      636	2020-06-11 18:19:17	1	1	2	0
      612	2020-06-11 18:20:27	1	1	2	0
      612	2020-06-11 18:20:29	1	1	2	0
      604	2020-06-11 18:23:36	1	1	0	0
      401	2020-06-11 19:01:58	1	1	1	0
     1113	2020-06-11 20:10:58	1	1	1	0
     1501	2020-06-11 20:16:11	1	1	2	0
     1117	2020-06-11 20:18:29	1	1	16	0
     1701	2020-06-11 20:25:09	1	1	2	0
     1148	2020-06-11 20:25:51	1	1	1	0
     1702	2020-06-11 20:25:57	1	1	2	0
     1703	2020-06-11 20:26:27	1	1	16	0
     1014	2020-06-11 21:06:56	1	1	16	0
      818	2020-06-11 21:08:54	1	1	1	0
     1165	2020-06-11 21:12:48	1	1	1	0
      826	2020-06-11 21:15:09	1	1	16	0
      810	2020-06-11 21:15:48	1	1	1	0
     1137	2020-06-11 21:16:27	1	1	0	0
      820	2020-06-11 21:24:21	1	1	1	0
      807	2020-06-11 21:24:35	1	1	0	0
     1040	2020-06-11 21:27:28	1	1	1	0
      302	2020-06-11 21:53:29	1	1	0	0
      302	2020-06-11 21:53:32	1	1	16	0
      608	2020-06-11 21:53:34	1	1	2	0
      608	2020-06-11 21:53:36	1	1	2	0
      638	2020-06-11 21:53:43	1	1	2	0
      620	2020-06-11 21:53:49	1	1	2	0
      305	2020-06-11 21:54:29	1	1	0	0
     1121	2020-06-11 22:00:08	1	1	1	0
     1058	2020-06-11 22:03:55	1	1	1	0
     1061	2020-06-11 22:04:04	1	1	1	0
     1146	2020-06-11 22:05:19	1	1	2	0
     1013	2020-06-11 22:05:28	1	1	1	0
     1066	2020-06-11 22:05:36	1	1	16	0
     1062	2020-06-11 22:06:11	1	1	1	0
     1147	2020-06-11 22:06:30	1	1	2	0
     1016	2020-06-11 22:07:03	1	1	1	0
     1118	2020-06-11 22:07:09	1	1	1	0
     1136	2020-06-11 22:07:34	1	1	1	0
     1301	2020-06-11 22:07:45	1	1	1	0
     1106	2020-06-11 22:08:00	1	1	16	0
     1135	2020-06-11 22:08:07	1	1	1	0
     1171	2020-06-11 22:08:40	1	1	16	0
     1047	2020-06-11 22:08:45	1	1	1	0
      811	2020-06-11 22:14:12	1	1	1	0
      711	2020-06-11 22:14:31	1	1	2	0
     1141	2020-06-11 22:15:10	1	1	0	0
     1164	2020-06-11 22:15:42	1	1	1	0
      313	2020-06-11 22:16:59	1	1	2	0
      313	2020-06-11 22:17:01	1	1	16	0
      307	2020-06-11 22:17:08	1	1	0	0
      309	2020-06-11 22:17:15	1	1	0	0
      302	2020-06-11 23:50:03	1	1	0	0
      304	2020-06-11 23:50:13	1	1	0	0
      601	2020-06-11 23:52:02	1	1	1	0
      401	2020-06-12 05:50:53	1	0	1	0
      307	2020-06-12 06:32:22	1	0	0	0
      302	2020-06-12 06:32:29	1	0	0	0
      807	2020-06-12 06:32:44	1	0	0	0
      313	2020-06-12 06:32:49	1	0	2	0
      820	2020-06-12 06:33:22	1	0	0	0
      601	2020-06-12 06:34:13	1	0	1	0
     1061	2020-06-12 06:38:35	1	0	1	0
     1062	2020-06-12 06:39:51	1	0	1	0
     1058	2020-06-12 06:40:41	1	0	1	0
     1117	2020-06-12 06:42:18	1	0	16	0
     1147	2020-06-12 06:43:54	1	0	2	0
     1047	2020-06-12 06:48:21	1	0	1	0
      305	2020-06-12 06:49:00	1	0	0	0
     1016	2020-06-12 06:53:03	1	0	1	0
      304	2020-06-12 06:54:44	1	0	0	0
     1301	2020-06-12 06:58:45	1	0	1	0
     1013	2020-06-12 06:59:30	1	0	1	0
     1146	2020-06-12 07:01:47	1	0	2	0
      711	2020-06-12 07:02:50	1	0	2	0
     1164	2020-06-12 07:06:02	1	0	1	0
      612	2020-06-12 07:06:35	1	0	2	0
      606	2020-06-12 07:07:32	1	0	2	0
      309	2020-06-12 07:10:28	1	0	0	0
     1118	2020-06-12 07:12:52	1	0	1	0
     1066	2020-06-12 07:15:28	1	0	16	0
      811	2020-06-12 07:28:10	1	0	1	0
      617	2020-06-12 07:31:39	1	0	2	0
     1171	2020-06-12 07:32:08	1	0	16	0
      702	2020-06-12 07:41:22	1	0	2	0
     1141	2020-06-12 07:47:07	1	0	0	0
     1040	2020-06-12 07:51:28	1	0	1	0
     1137	2020-06-12 07:52:14	1	0	0	0
     1135	2020-06-12 07:52:24	1	0	1	0
     1702	2020-06-12 07:52:47	1	0	2	0
     1148	2020-06-12 07:52:49	1	0	1	0
     1113	2020-06-12 07:52:58	1	0	2	0
      819	2020-06-12 07:53:55	1	0	2	0
      637	2020-06-12 07:56:43	1	0	2	0
      638	2020-06-12 08:03:32	1	0	2	0
      604	2020-06-12 08:04:20	1	0	0	0
      608	2020-06-12 08:05:29	1	0	2	0
      639	2020-06-12 08:05:38	1	0	2	0
     1501	2020-06-12 08:05:59	1	0	2	0
      620	2020-06-12 08:08:43	1	0	2	0
     1701	2020-06-12 08:13:57	1	0	2	0
     1703	2020-06-12 08:17:02	1	0	2	0
      101	2020-06-12 09:15:08	1	0	1	0
      604	2020-06-12 18:00:08	1	0	0	0
      606	2020-06-12 18:00:12	1	0	2	0
      702	2020-06-12 18:02:56	1	1	2	0
      702	2020-06-12 18:02:58	1	1	2	0
      617	2020-06-12 18:05:09	1	1	2	0
      617	2020-06-12 18:05:11	1	1	2	0
      639	2020-06-12 18:13:48	1	1	2	0
      637	2020-06-12 18:16:54	1	1	2	0
      811	2020-06-12 18:18:58	1	1	1	0
      612	2020-06-12 18:29:28	1	1	2	0
     1701	2020-06-12 18:53:22	1	1	2	0
     1702	2020-06-12 18:53:44	1	1	2	0
     1703	2020-06-12 18:54:01	1	1	16	0
      401	2020-06-12 19:01:47	1	1	1	0
     1013	2020-06-12 19:55:47	1	1	1	0
     1061	2020-06-12 19:56:02	1	1	1	0
     1047	2020-06-12 20:01:26	1	1	1	0
     1062	2020-06-12 20:01:44	1	1	1	0
     1016	2020-06-12 20:02:54	1	1	1	0
     1066	2020-06-12 20:06:44	1	1	16	0
     1117	2020-06-12 20:10:26	1	1	16	0
     1058	2020-06-12 20:11:05	1	1	1	0
     1148	2020-06-12 20:16:34	1	1	1	0
     1113	2020-06-12 20:16:38	1	1	2	0
      819	2020-06-12 20:17:44	1	1	2	0
     1141	2020-06-12 20:25:57	1	1	0	0
     1171	2020-06-12 21:02:25	1	1	16	0
      818	2020-06-12 21:02:31	1	1	16	0
      810	2020-06-12 21:04:35	1	1	1	0
     1121	2020-06-12 21:06:26	1	1	1	0
     1137	2020-06-12 21:09:18	1	1	0	0
     1165	2020-06-12 21:09:41	1	1	1	0
     1164	2020-06-12 21:15:57	1	1	1	0
     1135	2020-06-12 21:16:04	1	1	1	0
     1118	2020-06-12 21:17:45	1	1	1	0
     1147	2020-06-12 21:18:10	1	1	2	0
      711	2020-06-12 21:46:23	1	1	2	0
      820	2020-06-12 21:55:05	1	1	0	0
      807	2020-06-12 21:55:21	1	1	0	0
     1146	2020-06-12 21:55:25	1	1	2	0
      608	2020-06-12 21:58:53	1	1	2	0
      620	2020-06-12 21:59:17	1	1	2	0
     1501	2020-06-12 22:02:26	1	1	2	0
      638	2020-06-12 22:02:54	1	1	2	0
     1301	2020-06-12 22:14:04	1	1	1	0
      601	2020-06-12 22:31:13	1	1	1	0
      304	2020-06-12 22:37:55	1	1	0	0
      302	2020-06-12 22:38:34	1	1	0	0
      305	2020-06-12 22:38:42	1	1	0	0
      313	2020-06-12 22:38:58	1	1	2	0
      313	2020-06-12 22:39:01	1	1	2	0
      307	2020-06-12 22:39:06	1	1	0	0
      309	2020-06-12 22:39:26	1	1	0	0
      401	2020-06-13 05:59:19	1	0	1	0
      606	2020-06-13 07:13:20	1	0	2	0
      302	2020-06-13 07:17:44	1	0	0	0
      313	2020-06-13 07:22:30	1	0	17	0
     1040	2020-06-13 07:24:25	1	0	1	0
      807	2020-06-13 07:25:12	1	0	0	0
     1147	2020-06-13 07:26:34	1	0	2	0
     1165	2020-06-13 07:27:01	1	0	1	0
      601	2020-06-13 07:29:25	1	0	1	0
      702	2020-06-13 07:30:28	1	0	2	0
      711	2020-06-13 07:31:20	1	0	2	0
     1013	2020-06-13 07:32:32	1	0	1	0
     1016	2020-06-13 07:36:52	1	0	1	0
     1047	2020-06-13 07:37:10	1	0	1	0
      617	2020-06-13 07:40:35	1	0	2	0
      818	2020-06-13 07:40:55	1	0	1	0
     1058	2020-06-13 07:41:20	1	0	1	0
     1061	2020-06-13 07:42:56	1	0	1	0
      309	2020-06-13 07:45:14	1	0	0	0
     1102	2020-06-13 07:45:31	1	0	1	0
     1062	2020-06-13 07:49:41	1	0	1	0
      608	2020-06-13 07:50:14	1	0	2	0
     1171	2020-06-13 07:51:09	1	0	16	0
      826	2020-06-13 07:51:16	1	0	16	0
     1117	2020-06-13 07:52:58	1	0	16	0
     1066	2020-06-13 07:53:44	1	0	16	0
      612	2020-06-13 07:55:04	1	0	2	0
      304	2020-06-13 07:57:24	1	0	0	0
      819	2020-06-13 07:59:41	1	0	2	0
      620	2020-06-13 08:01:51	1	0	2	0
      307	2020-06-13 08:01:59	1	0	0	0
      305	2020-06-13 08:02:10	1	0	0	0
     1146	2020-06-13 08:03:15	1	0	2	0
      637	2020-06-13 08:04:50	1	0	2	0
     1701	2020-06-13 08:07:05	1	0	2	0
     1137	2020-06-13 08:07:55	1	0	0	0
     1702	2020-06-13 08:09:54	1	0	2	0
     1703	2020-06-13 08:10:11	1	0	2	0
      636	2020-06-13 08:10:15	1	0	2	0
     1501	2020-06-13 08:10:21	1	0	2	0
     1301	2020-06-13 08:13:51	1	0	1	0
     1164	2020-06-13 08:14:39	1	0	1	0
      702	2020-06-13 13:00:46	1	0	2	0
      617	2020-06-13 13:04:36	1	0	2	0
      617	2020-06-13 13:04:38	1	0	2	0
      617	2020-06-13 13:04:40	1	0	2	0
      636	2020-06-13 13:06:50	1	0	2	0
      636	2020-06-13 13:06:57	1	1	2	0
      637	2020-06-13 13:20:25	1	1	2	0
      612	2020-06-13 14:04:11	1	1	2	0
      401	2020-06-13 14:07:44	1	1	1	0
     1501	2020-06-13 14:54:41	1	1	0	0
     1701	2020-06-13 15:46:11	1	1	2	0
     1703	2020-06-13 15:48:36	1	1	2	0
     1702	2020-06-13 15:48:39	1	1	2	0
      608	2020-06-13 18:07:37	1	1	2	0
      620	2020-06-13 18:08:13	1	1	2	0
     1117	2020-06-13 18:12:26	1	1	16	0
     1165	2020-06-13 18:15:35	1	1	1	0
     1147	2020-06-13 18:17:20	1	1	2	0
     1113	2020-06-13 18:23:11	1	1	2	0
     1113	2020-06-13 18:23:13	1	1	2	0
     1171	2020-06-13 18:25:43	1	1	16	0
     1013	2020-06-13 18:27:06	1	1	1	0
     1047	2020-06-13 18:30:36	1	1	1	0
     1118	2020-06-13 18:31:02	1	1	1	0
     1016	2020-06-13 18:31:08	1	1	1	0
     1062	2020-06-13 18:32:55	1	1	1	0
     1137	2020-06-13 18:40:31	1	1	0	0
     1102	2020-06-13 18:41:23	1	1	1	0
     1121	2020-06-13 18:43:05	1	1	1	0
     1066	2020-06-13 18:51:53	1	1	16	0
     1061	2020-06-13 18:56:32	1	1	1	0
     1135	2020-06-13 18:56:40	1	1	1	0
     1146	2020-06-13 18:57:53	1	1	2	0
     1058	2020-06-13 19:00:02	1	1	1	0
     1136	2020-06-13 19:02:04	1	1	1	0
     1051	2020-06-13 19:05:43	1	1	1	0
      826	2020-06-13 19:48:18	1	1	16	0
      819	2020-06-13 20:06:58	1	1	2	0
      819	2020-06-13 20:07:00	1	1	2	0
     1164	2020-06-13 20:18:40	1	1	1	0
      820	2020-06-13 20:22:53	1	1	0	0
      810	2020-06-13 20:23:08	1	1	1	0
      807	2020-06-13 20:23:42	1	1	0	0
      711	2020-06-13 20:34:05	1	1	2	0
      313	2020-06-13 20:47:12	1	1	2	0
     1301	2020-06-13 20:49:52	1	1	1	0
      309	2020-06-13 20:55:38	1	1	0	0
      305	2020-06-13 20:55:45	1	1	0	0
      307	2020-06-13 20:55:55	1	1	0	0
      304	2020-06-13 20:56:33	1	1	0	0
      302	2020-06-13 20:56:53	1	1	0	0
      601	2020-06-13 22:09:59	1	1	1	0
      601	2020-06-13 22:10:19	1	1	1	0
      302	2020-06-14 07:25:33	1	1	0	0
      304	2020-06-14 07:25:45	1	1	0	0
      313	2020-06-14 07:38:09	1	1	2	0
      313	2020-06-14 07:38:18	1	0	2	0
      711	2020-06-14 07:38:45	1	0	2	0
      810	2020-06-14 07:40:25	1	0	1	0
     1171	2020-06-14 07:42:44	1	0	16	0
     1136	2020-06-14 07:43:15	1	0	1	0
     1165	2020-06-14 07:45:50	1	0	1	0
     1013	2020-06-14 07:46:16	1	0	1	0
     1066	2020-06-14 07:47:56	1	0	16	0
     1061	2020-06-14 07:56:41	1	0	1	0
     1016	2020-06-14 08:00:16	1	0	1	0
      309	2020-06-14 08:01:53	1	0	0	0
     1062	2020-06-14 08:05:12	1	0	1	0
     1146	2020-06-14 08:07:43	1	0	2	0
      620	2020-06-14 08:09:39	1	0	2	0
      307	2020-06-14 08:11:11	1	0	0	0
     1137	2020-06-14 08:12:23	1	0	0	0
      305	2020-06-14 08:12:38	1	0	0	0
     1301	2020-06-14 08:29:13	1	0	1	0
     1047	2020-06-14 11:58:25	1	0	1	0
     1061	2020-06-14 13:03:20	1	0	1	0
     1062	2020-06-14 13:06:12	1	0	1	0
     1016	2020-06-14 13:11:54	1	0	1	0
      711	2020-06-14 13:12:46	1	0	2	0
     1165	2020-06-14 13:15:23	1	0	1	0
     1137	2020-06-14 13:15:37	1	0	0	0
     1169	2020-06-14 13:15:43	1	0	1	0
      810	2020-06-14 13:17:00	1	0	1	0
     1146	2020-06-14 13:17:45	1	0	1	0
      820	2020-06-14 13:18:29	1	0	0	0
      807	2020-06-14 13:18:38	1	0	0	0
     1013	2020-06-14 13:20:56	1	0	1	0
     1066	2020-06-14 13:27:04	1	0	16	0
     1151	2020-06-14 13:28:42	1	0	1	0
      302	2020-06-14 13:41:04	1	0	0	0
      305	2020-06-14 13:41:08	1	0	1	0
      307	2020-06-14 13:41:17	1	0	0	0
      304	2020-06-14 13:41:24	1	0	0	0
      309	2020-06-14 13:41:26	1	0	1	0
      313	2020-06-14 13:41:30	1	0	2	0
      313	2020-06-14 13:41:42	1	0	2	0
      620	2020-06-14 18:01:01	1	0	2	0
      601	2020-06-14 19:14:54	1	0	1	0
      601	2020-06-14 19:14:56	1	0	1	0
      401	2020-06-15 05:52:39	1	0	1	0
      612	2020-06-15 06:49:07	1	0	2	0
      612	2020-06-15 06:49:08	1	0	2	0
      606	2020-06-15 07:08:43	1	0	2	0
      601	2020-06-15 07:14:53	1	0	1	0
      302	2020-06-15 07:17:19	1	0	0	0
      810	2020-06-15 07:18:24	1	0	1	0
      313	2020-06-15 07:27:46	1	0	2	0
      711	2020-06-15 07:42:10	1	0	2	0
      807	2020-06-15 07:43:57	1	0	0	0
      702	2020-06-15 07:44:48	1	0	2	0
      702	2020-06-15 07:44:50	1	0	2	0
      617	2020-06-15 07:46:47	1	0	2	0
     1013	2020-06-15 07:46:52	1	0	1	0
      821	2020-06-15 07:47:16	1	0	0	0
     1154	2020-06-15 07:47:24	1	0	1	0
     1035	2020-06-15 07:47:28	1	0	1	0
     1058	2020-06-15 07:48:26	1	0	1	0
     1113	2020-06-15 07:48:49	1	0	1	0
     1117	2020-06-15 07:51:36	1	0	16	0
     1016	2020-06-15 07:51:41	1	0	1	0
     1171	2020-06-15 07:51:47	1	0	16	0
     1047	2020-06-15 07:52:34	1	0	1	0
      608	2020-06-15 07:52:39	1	0	2	0
     1066	2020-06-15 07:52:57	1	0	16	0
     1121	2020-06-15 07:54:00	1	0	1	0
     1022	2020-06-15 07:56:06	1	0	1	0
      309	2020-06-15 07:56:43	1	0	0	0
      304	2020-06-15 07:57:35	1	0	0	0
     1062	2020-06-15 07:59:30	1	0	1	0
     1128	2020-06-15 08:01:01	1	0	1	0
      819	2020-06-15 08:01:48	1	0	2	0
     1164	2020-06-15 08:05:36	1	0	1	0
      639	2020-06-15 08:07:14	1	0	2	0
      620	2020-06-15 08:09:01	1	0	2	0
      620	2020-06-15 08:09:03	1	0	2	0
      305	2020-06-15 08:09:14	1	0	1	0
     1137	2020-06-15 08:10:11	1	0	0	0
      307	2020-06-15 08:10:23	1	0	0	0
     1146	2020-06-15 08:10:26	1	0	2	0
     1061	2020-06-15 08:10:32	1	0	1	0
     1165	2020-06-15 08:13:01	1	0	1	0
     1501	2020-06-15 08:13:13	1	0	0	0
     1701	2020-06-15 08:18:00	1	0	2	0
      604	2020-06-15 08:18:14	1	0	2	0
     1702	2020-06-15 08:19:15	1	0	2	0
      638	2020-06-15 08:19:33	1	0	2	0
      638	2020-06-15 08:19:36	1	0	16	0
     1703	2020-06-15 08:20:14	1	0	2	0
     1301	2020-06-15 08:24:28	1	0	1	0
     1135	2020-06-15 10:50:58	1	0	1	0
     1603	2020-06-15 14:50:45	1	0	1	0
      709	2020-06-15 14:54:48	1	0	2	0
      709	2020-06-15 14:55:00	1	0	2	0
      706	2020-06-15 14:56:25	1	0	2	0
      706	2020-06-15 14:56:37	1	0	2	0
      641	2020-06-15 15:07:10	1	1	2	0
      641	2020-06-15 15:08:54	1	0	2	0
      642	2020-06-15 15:30:08	1	1	2	0
      642	2020-06-15 15:32:09	1	0	2	0
      642	2020-06-15 15:32:28	1	1	2	0
      643	2020-06-15 15:37:42	1	1	2	0
      643	2020-06-15 15:40:38	1	0	2	0
      644	2020-06-15 15:45:42	1	0	2	0
      644	2020-06-15 15:47:55	1	0	2	0
      644	2020-06-15 15:47:57	1	0	2	0
      644	2020-06-15 15:47:59	1	0	2	0
      644	2020-06-15 15:48:01	1	0	2	0
     1603	2020-06-15 15:51:06	1	0	1	0
      645	2020-06-15 15:55:02	1	0	2	0
      645	2020-06-15 15:55:06	1	0	2	0
     1603	2020-06-15 15:55:24	1	0	1	0
      645	2020-06-15 15:56:09	1	0	2	0
      645	2020-06-15 15:58:20	1	1	2	0
      645	2020-06-15 15:58:44	1	1	2	0
     1603	2020-06-15 16:02:56	1	1	1	0
      646	2020-06-15 16:05:17	1	1	2	0
      646	2020-06-15 16:07:22	1	0	2	0
      646	2020-06-15 16:07:24	1	0	2	0
      702	2020-06-15 18:00:15	1	1	2	0
      702	2020-06-15 18:00:17	1	1	2	0
      617	2020-06-15 18:03:38	1	1	2	0
      617	2020-06-15 18:03:39	1	1	2	0
      604	2020-06-15 18:07:39	1	1	2	0
      612	2020-06-15 18:20:25	1	1	2	0
      612	2020-06-15 18:20:27	1	1	2	0
      401	2020-06-15 19:01:06	1	1	1	0
     1061	2020-06-15 19:11:54	1	1	1	0
     1062	2020-06-15 19:12:57	1	1	1	0
     1047	2020-06-15 19:13:52	1	1	1	0
     1022	2020-06-15 19:23:00	1	1	1	0
     1016	2020-06-15 19:23:39	1	1	1	0
     1013	2020-06-15 19:26:15	1	1	1	0
     1701	2020-06-15 19:31:33	1	1	2	0
     1703	2020-06-15 19:31:40	1	1	2	0
     1702	2020-06-15 19:31:42	1	1	2	0
     1040	2020-06-15 19:31:47	1	1	1	0
     1040	2020-06-15 19:31:49	1	1	1	0
      820	2020-06-15 19:37:12	1	1	0	0
      807	2020-06-15 19:37:24	1	1	0	0
      821	2020-06-15 19:39:50	1	1	0	0
      819	2020-06-15 19:41:07	1	1	2	0
      819	2020-06-15 19:41:09	1	1	2	0
      810	2020-06-15 19:57:03	1	1	1	0
      639	2020-06-15 19:58:27	1	1	2	0
      608	2020-06-15 20:05:26	1	1	2	0
      608	2020-06-15 20:05:28	1	1	2	0
     1117	2020-06-15 20:14:36	1	1	16	0
     1171	2020-06-15 21:00:32	1	1	16	0
     1136	2020-06-15 21:07:39	1	1	1	0
     1102	2020-06-15 21:08:21	1	1	1	0
     1165	2020-06-15 21:08:28	1	1	1	0
     1137	2020-06-15 21:09:25	1	1	0	0
     1147	2020-06-15 21:12:12	1	1	2	0
     1135	2020-06-15 21:12:21	1	1	1	0
     1501	2020-06-15 21:13:58	1	1	2	0
     1146	2020-06-15 21:14:56	1	1	2	0
     1113	2020-06-15 21:15:14	1	1	1	0
     1148	2020-06-15 21:17:33	1	1	1	0
     1164	2020-06-15 21:21:09	1	1	1	0
     1118	2020-06-15 21:46:17	1	1	1	0
      711	2020-06-15 22:04:39	1	1	2	0
      711	2020-06-15 22:04:41	1	1	2	0
      307	2020-06-15 22:07:04	1	1	0	0
      309	2020-06-15 22:07:12	1	1	0	0
      305	2020-06-15 22:07:19	1	1	0	0
      313	2020-06-15 22:07:25	1	1	2	0
      302	2020-06-15 22:17:48	1	1	0	0
      304	2020-06-15 22:17:58	1	1	0	0
      601	2020-06-15 22:33:11	1	1	1	0
      401	2020-06-16 06:06:01	1	0	1	0
      606	2020-06-16 07:01:49	1	0	2	0
      612	2020-06-16 07:04:59	1	0	2	0
      601	2020-06-16 07:19:49	1	0	1	0
      313	2020-06-16 07:38:00	1	0	2	0
      304	2020-06-16 07:42:19	1	0	0	0
      302	2020-06-16 07:42:54	1	0	0	0
      309	2020-06-16 07:45:55	1	0	1	0
      807	2020-06-16 07:46:27	1	0	0	0
      702	2020-06-16 07:47:15	1	0	2	0
     1066	2020-06-16 07:49:36	1	0	1	0
      617	2020-06-16 07:49:47	1	0	2	0
     1013	2020-06-16 07:49:53	1	0	1	0
     1047	2020-06-16 07:50:50	1	0	1	0
      711	2020-06-16 07:54:07	1	0	2	0
     1062	2020-06-16 07:54:37	1	0	1	0
     1141	2020-06-16 07:56:05	1	0	0	0
     1121	2020-06-16 07:56:11	1	0	1	0
     1102	2020-06-16 07:56:56	1	0	1	0
     1171	2020-06-16 07:57:28	1	0	16	0
     1058	2020-06-16 07:58:29	1	0	1	0
      821	2020-06-16 08:02:36	1	0	0	0
     1137	2020-06-16 08:02:55	1	0	0	0
     1113	2020-06-16 08:03:53	1	0	1	0
      819	2020-06-16 08:04:21	1	0	2	0
      819	2020-06-16 08:04:23	1	0	2	0
     1022	2020-06-16 08:04:37	1	0	1	0
      810	2020-06-16 08:05:50	1	0	1	0
     1135	2020-06-16 08:06:08	1	0	1	0
     1117	2020-06-16 08:06:32	1	0	16	0
      637	2020-06-16 08:10:46	1	0	2	0
     1146	2020-06-16 08:12:32	1	0	2	0
      608	2020-06-16 08:13:35	1	0	2	0
      639	2020-06-16 08:13:43	1	0	2	0
      620	2020-06-16 08:14:26	1	0	2	0
     1165	2020-06-16 08:14:56	1	0	1	0
     1164	2020-06-16 08:15:00	1	0	1	0
     1124	2020-06-16 08:15:20	1	0	1	0
     1702	2020-06-16 08:17:14	1	0	2	0
      305	2020-06-16 08:17:19	1	0	1	0
      307	2020-06-16 08:17:28	1	0	0	0
     1301	2020-06-16 08:17:37	1	0	1	0
      604	2020-06-16 08:18:06	1	0	0	0
     1703	2020-06-16 08:18:14	1	0	2	0
      638	2020-06-16 08:19:04	1	0	16	0
      638	2020-06-16 08:19:07	1	0	16	0
     1501	2020-06-16 08:50:00	1	0	2	0
      643	2020-06-16 08:51:39	1	0	2	0
      644	2020-06-16 08:51:53	1	0	2	0
      646	2020-06-16 08:56:39	1	0	2	0
      641	2020-06-16 08:56:47	1	0	2	0
      707	2020-06-16 10:27:35	1	0	2	0
     1603	2020-06-16 10:28:25	1	0	1	0
      647	2020-06-16 10:32:07	1	0	2	0
      647	2020-06-16 10:35:53	1	0	2	0
      647	2020-06-16 10:38:39	1	0	2	0
      647	2020-06-16 10:38:52	1	0	2	0
      647	2020-06-16 10:40:42	1	0	2	0
      647	2020-06-16 10:41:01	1	0	2	0
      646	2020-06-16 17:57:08	1	0	2	0
      646	2020-06-16 17:57:14	1	0	2	0
      612	2020-06-16 18:01:47	1	0	2	0
      612	2020-06-16 18:01:49	1	0	2	0
      641	2020-06-16 18:02:08	1	0	16	0
      641	2020-06-16 18:02:12	1	0	16	0
      641	2020-06-16 18:02:46	1	1	2	0
      702	2020-06-16 18:08:55	1	1	2	0
      702	2020-06-16 18:08:57	1	1	2	0
      643	2020-06-16 18:12:21	1	1	2	0
      644	2020-06-16 18:13:04	1	1	2	0
      617	2020-06-16 18:14:35	1	1	2	0
      637	2020-06-16 18:18:57	1	1	2	0
      606	2020-06-16 18:20:41	1	1	2	0
      642	2020-06-16 18:22:38	1	1	2	0
      604	2020-06-16 18:28:32	1	1	0	0
      401	2020-06-16 19:03:52	1	1	1	0
     1701	2020-06-16 19:51:30	1	1	2	0
     1703	2020-06-16 19:53:31	1	1	2	0
     1702	2020-06-16 19:53:35	1	1	2	0
      819	2020-06-16 20:15:50	1	1	2	0
      819	2020-06-16 20:15:52	1	1	2	0
     1117	2020-06-16 20:16:18	1	1	16	0
      821	2020-06-16 20:40:56	1	1	16	0
      810	2020-06-16 20:57:17	1	1	1	0
      818	2020-06-16 21:02:43	1	1	1	0
      818	2020-06-16 21:02:45	1	1	16	0
     1102	2020-06-16 21:07:26	1	1	1	0
     1121	2020-06-16 21:07:56	1	1	1	0
      820	2020-06-16 21:08:47	1	1	0	0
     1165	2020-06-16 21:09:24	1	1	1	0
     1135	2020-06-16 21:09:34	1	1	1	0
     1137	2020-06-16 21:11:28	1	1	0	0
     1147	2020-06-16 21:11:44	1	1	2	0
     1113	2020-06-16 21:12:24	1	1	2	0
     1134	2020-06-16 21:12:45	1	1	1	0
     1301	2020-06-16 21:16:21	1	1	1	0
     1146	2020-06-16 21:16:41	1	1	2	0
     1164	2020-06-16 21:17:00	1	1	1	0
     1061	2020-06-16 21:19:42	1	1	1	0
      638	2020-06-16 21:19:57	1	1	16	0
     1141	2020-06-16 21:20:51	1	1	0	0
     1058	2020-06-16 21:25:56	1	1	1	0
     1062	2020-06-16 21:26:08	1	1	1	0
     1022	2020-06-16 21:26:22	1	1	1	0
     1047	2020-06-16 21:27:09	1	1	1	0
     1013	2020-06-16 21:29:00	1	1	1	0
     1066	2020-06-16 21:32:06	1	1	16	0
      711	2020-06-16 21:35:28	1	1	2	0
     1501	2020-06-16 21:54:09	1	1	2	0
     1171	2020-06-16 21:58:09	1	1	16	0
      608	2020-06-16 22:05:20	1	1	2	0
      639	2020-06-16 22:05:46	1	1	2	0
      620	2020-06-16 22:05:59	1	1	2	0
      601	2020-06-16 22:14:48	1	1	16	0
      807	2020-06-16 22:36:22	1	1	0	0
      304	2020-06-16 22:38:57	1	1	0	0
      309	2020-06-16 22:39:00	1	1	1	0
      307	2020-06-16 22:39:08	1	1	0	0
      313	2020-06-16 22:39:29	1	1	2	0
      305	2020-06-16 22:39:40	1	1	0	0
      711	2020-06-17 06:04:11	1	1	2	0
      401	2020-06-17 06:13:42	1	0	1	0
      302	2020-06-17 06:30:53	1	0	0	0
      807	2020-06-17 06:34:00	1	0	0	0
      820	2020-06-17 06:34:40	1	0	0	0
     1047	2020-06-17 06:47:20	1	0	1	0
     1062	2020-06-17 06:47:57	1	0	1	0
     1061	2020-06-17 06:48:47	1	0	1	0
     1058	2020-06-17 06:49:00	1	0	1	0
      305	2020-06-17 06:49:46	1	0	0	0
      307	2020-06-17 06:49:54	1	0	0	0
      309	2020-06-17 06:52:28	1	0	0	0
     1013	2020-06-17 06:57:06	1	0	1	0
      821	2020-06-17 07:03:01	1	0	16	0
      821	2020-06-17 07:03:04	1	0	16	0
      304	2020-06-17 07:05:25	1	0	0	0
      811	2020-06-17 07:05:49	1	0	1	0
      606	2020-06-17 07:06:09	1	0	2	0
     1035	2020-06-17 07:11:10	1	0	1	0
     1301	2020-06-17 07:12:33	1	0	1	0
      647	2020-06-17 07:17:09	1	0	2	0
      313	2020-06-17 07:18:50	1	0	2	0
     1147	2020-06-17 07:19:35	1	0	2	0
     1139	2020-06-17 07:19:47	1	0	1	0
      612	2020-06-17 07:19:53	1	0	2	0
     1016	2020-06-17 07:27:23	1	0	1	0
      702	2020-06-17 07:28:14	1	0	2	0
      702	2020-06-17 07:28:16	1	0	2	0
      617	2020-06-17 07:28:43	1	0	2	0
     1117	2020-06-17 07:30:07	1	0	16	0
     1141	2020-06-17 07:35:41	1	0	0	0
     1113	2020-06-17 07:36:13	1	0	2	0
     1113	2020-06-17 07:36:16	1	0	1	0
     1171	2020-06-17 07:36:27	1	0	16	0
     1022	2020-06-17 07:43:11	1	0	1	0
     1066	2020-06-17 07:45:24	1	0	16	0
     1135	2020-06-17 07:45:46	1	0	1	0
      601	2020-06-17 07:46:13	1	0	2	0
     1137	2020-06-17 07:55:08	1	0	0	0
      641	2020-06-17 07:55:27	1	0	2	0
      641	2020-06-17 07:55:29	1	0	2	0
     1501	2020-06-17 07:55:50	1	0	2	0
     1702	2020-06-17 07:56:53	1	0	2	0
      819	2020-06-17 07:59:10	1	0	2	0
      819	2020-06-17 07:59:12	1	0	2	0
      620	2020-06-17 08:03:37	1	0	2	0
      637	2020-06-17 08:04:50	1	0	2	0
      608	2020-06-17 08:05:42	1	0	2	0
     1165	2020-06-17 08:06:38	1	0	1	0
     1146	2020-06-17 08:07:04	1	0	2	0
      646	2020-06-17 08:10:20	1	0	2	0
      604	2020-06-17 08:10:37	1	0	0	0
     1701	2020-06-17 08:16:56	1	0	2	0
      639	2020-06-17 08:30:16	1	0	2	0
     1703	2020-06-17 08:35:49	1	0	2	0
      101	2020-06-17 08:40:29	1	0	0	0
     1603	2020-06-17 10:03:07	1	0	1	0
